1U111UUUU
011000000
010000000
010000000
011000000
011100000
010100000
010100000
011100000
011110000
010110000
010110000
011110000
011010000
010010000
010010000
011010000
111010000
110010000
110010000
111010000
111110000
110110000
110110000
111110000
101110000
100110000
100110000
101110000
101000000
100000000
100000000
101000000
101100000
100100000
100100000
101100000
101010000
100010000
100010000
101010000
111010000
110010000
110010000
111010000
111100000
110100000
110100000
111100000
111010000
110010000
110010000
111010000
011001000
010001000
010001000
011001000
011101000
010101000
010101000
011101000
011111000
010111000
010111000
011111000
011011000
010011000
010011000
011011000
111011000
110011000
110011000
111011000
111111000
110111000
110111000
111111000
101111000
100111000
100111000
101111000
101001000
100001000
100001000
101001000
101101000
100101000
100101000
101101000
101011000
100011000
100011000
101011000
111011000
110011000
110011000
111011000
111101000
110101000
110101000
111101000
111011000
110011000
110011000
111011000
111001000
110001000
110001000
111001000
011001100
010001100
010001100
011001100
011101100
010101100
010101100
011101100
011111100
010111100
010111100
011111100
011011100
010011100
010011100
011011100
111011100
110011100
110011100
111011100
111111100
110111100
110111100
111111100
101111100
100111100
100111100
101111100
101001100
100001100
100001100
101001100
101101100
100101100
100101100
101101100
101011100
100011100
100011100
101011100
111011100
110011100
110011100
111011100
111101100
110101100
110101100
111101100
111011100
110011100
110011100
111011100
111001100
110001100
110001100
111001100
011000010
010000010
010000010
011000010
011100010
010100010
010100010
011100010
011110010
010110010
010110010
011110010
011010010
010010010
010010010
011010010
111010010
110010010
110010010
111010010
111110010
110110010
110110010
111110010
101110010
100110010
100110010
101110010
101000010
100000010
100000010
101000010
101100010
100100010
100100010
101100010
101010010
100010010
100010010
101010010
111010010
110010010
110010010
111010010
111100010
110100010
110100010
111100010
111010010
110010010
110010010
111010010
011000110
010000110
010000110
011000110
011100110
010100110
010100110
011100110
011110110
010110110
010110110
011110110
011010110
010010110
010010110
011010110
111010110
110010110
110010110
111010110
111110110
110110110
110110110
111110110
101110110
100110110
100110110
101110110
101000110
100000110
100000110
101000110
101100110
100100110
100100110
101100110
101010110
100010110
100010110
101010110
111010110
110010110
110010110
111010110
111100110
110100110
110100110
111100110
111010110
110010110
110010110
111010110
111000110
110000110
110000110
111000110
011001110
010001110
010001110
011001110
011101110
010101110
010101110
011101110
011111110
010111110
010111110
011111110
011011110
010011110
010011110
011011110
111011110
110011110
110011110
111011110
111111110
110111110
110111110
111111110
101111110
100111110
100111110
101111110
101001110
100001110
100001110
101001110
101101110
100101110
100101110
101101110
101011110
100011110
100011110
101011110
111011110
110011110
110011110
111011110
111101110
110101110
110101110
111101110
111011110
110011110
110011110
111011110
111001110
110001110
110001110
111001110
011000001
010000001
010000001
011000001
011100001
010100001
010100001
011100001
011110001
010110001
010110001
011110001
011010001
010010001
010010001
011010001
111010001
110010001
110010001
111010001
111110001
110110001
110110001
111110001
101110001
100110001
100110001
101110001
101000001
100000001
100000001
101000001
101100001
100100001
100100001
101100001
101010001
100010001
100010001
101010001
111010001
110010001
110010001
111010001
111100001
110100001
110100001
111100001
111010001
110010001
110010001
111010001
111000001
110000001
110000001
111000001
011001001
010001001
010001001
011001001
011101001
010101001
010101001
011101001
011111001
010111001
010111001
011111001
011011001
010011001
010011001
011011001
111011001
110011001
110011001
111011001
111111001
110111001
110111001
111111001
101111001
100111001
100111001
101111001
101001001
100001001
100001001
101001001
101101001
100101001
100101001
101101001
101011001
100011001
100011001
101011001
111011001
110011001
110011001
111011001
111101001
110101001
110101001
111101001
111011001
110011001
110011001
111011001
111001001
110001001
110001001
111001001
011001101
010001101
010001101
011001101
011101101
010101101
010101101
011101101
011111101
010111101
010111101
011111101
011011101
010011101
010011101
011011101
111011101
110011101
110011101
111011101
111111101
110111101
110111101
111111101
101111101
100111101
100111101
101111101
101001101
100001101
100001101
101001101
101101101
100101101
100101101
101101101
101011101
100011101
100011101
101011101
111011101
110011101
110011101
111011101
111101101
110101101
110101101
111101101
111011101
110011101
110011101
111011101
111001101
110001101
110001101
111001101
011001111
010001111
010001111
011001111
011101111
010101111
010101111
011101111
011111111
010111111
010111111
011111111
011011111
010011111
010011111
011011111
111011111
110011111
110011111
111011111
111111111
110111111
110111111
111111111
101111111
100111111
100111111
101111111
101001111
100001111
100001111
101001111
101101111
100101111
100101111
101101111
101011111
100011111
100011111
101011111
111011111
110011111
110011111
111011111
111101111
110101111
110101111
111101111
111011111
110011111
110011111
111011111
111001111
110001111
110001111
111001111
111001111
110001111
110001111
111001111
111001111
110001111
110001111
111001111
111001111
110001111
110001111
111001111
111001111
110001111
110001111
111001111
111001111
110001111
110001111
111001111
111001111
110001111
110001111
111001111
111001111
110001111
110001111
111001111
111001111
110001111
110001111
111001111
111001111
110001111
110001111
111001111
111001111
110001111
110001111
111001111
111001111
110001111
110001111
111001111
111001111
110001111
110001111
111001111
