0UUUU
UUUUU
UUUUU
UUUUU
01101
01101
01101
01101
01110
01110
01110
01110
11111
11111
11111
11111
00000
00000
00000
00000
00001
00001
00001
00001
00001
00001
00001
00001
00001
00001
00001
00001
10000
10000
10000
10000
01111
01111
01111
01111
01110
01110
01110
01110
01101
01101
01101
01101
01100
01100
01100
01100
01011
01011
01011
01011
01010
01010
01010
01010
01001
01001
01001
01001
01000
01000
01000
01000
00111
00111
00111
00111
00110
00110
00110
00110
00101
00101
00101
00101
00100
00100
00100
00100
00011
00011
00011
00011
00010
00010
00010
00010
00001
00001
00001
00001
10000
10000
10000
10000
01111
01111
01111
01111
01110
01110
01110
01110
